134
134
134
134
134
134
134
134
134
134
134
134
134
134
134
134
134
134
10
10
10
10
10
10
10
10
10
10
10
10
10
10
10
10
10
10
10
68
68
68
68
68
68
68
68
68
68
68
68
68
68
5
17
17
17
17
17
17
17
17
17
17
17
17
17
17
17
17
17
11
11
11
11
11
11
11
11
11
11
11
11
11
11
11
11
11
11
11
11
11
11
11
11
11
11
11
11
11
11
11
11
11
71
71
71
71
71
71
71
71
71
71
71
71
71
71
71
71
71
71
71
71
19
19
19
19
19
19
19
19
19
19
19
19
19
19
19
19
19
19
19
9
9
9
9
9
9
9
9
9
9
9
9
9
9
9
9
9
9
9
9
9
9
9
9
9
9
9
9
9
9
9
9
9
9
9
9
9
9
9
9
