80740
80704
80704
80704
80704
80704
80704
80640
80640
80640
80640
80640
80576
80640
80640
80640
80640
80640
80640
80640
80640
80704
80640
80640
80640
80704
80676
80708
80708
80708
80708
80708
80708
80708
80708
80708
80708
80708
80708
80708
80752
80752
80752
80752
80752
80752
80752
80752
80688
80688
80688
80688
80688
80656
80692
80692
80692
80692
80692
80692
80692
80692
80692
80760
80760
80760
80752
80764
80692
80692
80692
80692
80692
80692
80692
80692
80752
80752
80752
80752
80752
80752
80688
80624
80624
80688
80912
80912
80912
80912
80912
80912
80820
80820
80820
80820
80820
80884
80884
80884
80884
80884
80884
80884
80884
80884
80804
80804
80804
80804
80804
80804
80804
80804
80804
80804
80804
80804
80804
80804
80804
80804
80804
80804
80804
80804
80804
80804
80804
80804
80804
80804
80804
80804
80804
80804
80800
80800
80800
80800
80800
80800
80800
80800
80800
80800
80800
80800
80800
80800
80800
80800
80800
80800
80800
80800
80800
80800
80800
80800
80800
80800
80800
80800
80800
80800
80800
80800
80800
80800
80796
80796
80796
80796
80796
80796
80796
80796
80796
80796
80796
80796
80796
80796
80796
80796
80796
80796
80796
80796
80868
80868
80868
80868
80868
80868
80868
80868
80844
80844
80844
80844
80844
80844
80844
80844
80844
80844
80844
80844
80844
80844
80844
80844
80844
80844
80844
80892
80844
80844
80844
80844
80844
80844
80844
80844
80844
80844
80844
80844
80844
80844
80840
80840
80840
80840
80840
80840
80840
80840
80840
80840
80840
80840
80840
80840
80840
80840
80840
80840
80840
80840
80840
80920
80920
80920
80920
80920
80920
80920
80920
80836
80836
80836
80836
80836
80836
80836
80836
80836
80836
80836
80836
80836
80836
80836
80836
80836
80836
80836
80836
80836
80836
80836
80836
80836
80836
80836
80836
80836
80836
80836
80836
80864
80864
80864
80864
80864
80864
80864
80864
80864
80864
80864
80864
80864
80864
80864
80864
80864
80864
80864
80864
80864
80864
80864
80864
80928
80928
80928
80928
80928
80928
80928
80928
80928
80928
80928
80928
